1,1,-1,-1,-1,2132,1483,2451,23,ABa ,6476,0,0,0, ,0,0,0,0,0
1,1,-1,-1,-1,2242,1525,2346,23,ABa ,6476,0,0,0, ,0,0,0,0,0
1,1,-1,-1,-1,1400,1627,718,23,ABa ,6476,0,0,0, ,0,0,0,0,0
1,1,-1,-1,-1,1450,1418,696,23,ABa ,6476,0,0,0, ,0,0,0,0,0
1,1,-1,-1,-1,2208,2538,4030,23,ABa ,6476,0,0,0, ,0,0,0,0,0
1,1,-1,-1,-1,1774,2746,3710,23,ABa ,6476,0,0,0, ,0,0,0,0,0
1,1,-1,-1,-1,1496,2819,3076,23,ABa ,6476,0,0,0, ,0,0,0,0,0
1,1,-1,-1,-1,1356,2794,2506,23,ABa ,6476,0,0,0, ,0,0,0,0,0
1,1,-1,-1,-1,1289,2776,2026,23,ABa ,6476,0,0,0, ,0,0,0,0,0
1,1,-1,-1,-1,1153,2749,1312,23,ABa ,6476,0,0,0, ,0,0,0,0,0
1,1,-1,-1,-1,1222,2659,715,23,ABa ,6476,0,0,0, ,0,0,0,0,0
1,1,-1,-1,-1,1579,2605,300,23,ABa ,6476,0,0,0, ,0,0,0,0,0
1,1,-1,-1,-1,2116,2493,266,23,ABa ,6476,0,0,0, ,0,0,0,0,0
1,1,-1,-1,-1,1559,2690,1935,23,ABa ,6476,0,0,0, ,0,0,0,0,0
1,1,-1,-1,-1,1519,324,3312,23,ABa ,6476,0,0,0, ,0,0,0,0,0
1,1,-1,-1,-1,1232,374,2692,23,ABa ,6476,0,0,0, ,0,0,0,0,0
1,1,-1,-1,-1,922,567,2343,23,ABa ,6476,0,0,0, ,0,0,0,0,0
1,1,-1,-1,-1,758,716,1979,23,ABa ,6476,0,0,0, ,0,0,0,0,0
1,1,-1,-1,-1,572,880,1439,23,ABa ,6476,0,0,0, ,0,0,0,0,0
1,1,-1,-1,-1,705,815,792,23,ABa ,6476,0,0,0, ,0,0,0,0,0
1,1,-1,-1,-1,1190,728,363,23,ABa ,6476,0,0,0, ,0,0,0,0,0
1,1,-1,-1,-1,1762,612,382,23,ABa ,6476,0,0,0, ,0,0,0,0,0
1,1,-1,-1,-1,1107,630,1853,23,ABa ,6476,0,0,0, ,0,0,0,0,0
1,1,-1,-1,-1,721,1502,1964,23,ABa ,6476,0,0,0, ,0,0,0,0,0
1,1,-1,-1,-1,763,2046,1984,23,ABa ,6476,0,0,0, ,0,0,0,0,0
1,1,-1,-1,-1,1241,1395,1854,23,ABa ,6476,0,0,0, ,0,0,0,0,0
1,1,-1,-1,-1,1278,2145,1892,23,ABa ,6476,0,0,0, ,0,0,0,0,0
1,1,-1,-1,-1,925,2014,1711,23,ABa ,6476,0,0,0, ,0,0,0,0,0
1,1,-1,-1,-1,1358,1704,1596,23,ABa ,6476,0,0,0, ,0,0,0,0,0
1,1,-1,-1,-1,757,1833,1393,23,ABa ,6476,0,0,0, ,0,0,0,0,0
1,1,-1,-1,-1,1166,1613,1333,23,ABa ,6476,0,0,0, ,0,0,0,0,0
1,1,-1,-1,-1,662,1890,1026,23,ABa ,6476,0,0,0, ,0,0,0,0,0
1,1,-1,-1,-1,940,1376,974,23,ABa ,6476,0,0,0, ,0,0,0,0,0
1,1,-1,-1,-1,856,1437,511,23,ABa ,6476,0,0,0, ,0,0,0,0,0
1,1,-1,-1,-1,787,2023,658,23,ABa ,6476,0,0,0, ,0,0,0,0,0
1,1,-1,-1,-1,1050,1523,199,23,ABa ,6476,0,0,0, ,0,0,0,0,0
1,1,-1,-1,-1,1117,2091,389,23,ABa ,6476,0,0,0, ,0,0,0,0,0
1,1,-1,-1,-1,1462,1339,185,23,ABa ,6476,0,0,0, ,0,0,0,0,0
1,1,-1,-1,-1,1531,2032,249,23,ABa ,6476,0,0,0, ,0,0,0,0,0
1,1,-1,-1,-1,1807,1348,199,23,ABa ,6476,0,0,0, ,0,0,0,0,0
1,1,-1,-1,-1,1839,1879,161,23,ABa ,6476,0,0,0, ,0,0,0,0,0
1,1,-1,-1,-1,2105,1732,291,23,ABa ,6476,0,0,0, ,0,0,0,0,0
1,1,-1,-1,-1,2146,1310,244,23,ABa ,6476,0,0,0, ,0,0,0,0,0
1,1,-1,-1,-1,1148,1714,967,23,ABa ,6476,0,0,0, ,0,0,0,0,0
1,1,-1,-1,-1,2935,1280,3153,23,ABa ,6476,0,0,0, ,0,0,0,0,0
1,1,-1,-1,-1,1772,412,3214,23,ABa ,6476,0,0,0, ,0,0,0,0,0
1,1,-1,-1,-1,1549,395,2976,23,ABa ,6476,0,0,0, ,0,0,0,0,0
1,1,-1,-1,-1,1587,689,2936,23,ABa ,6476,0,0,0, ,0,0,0,0,0
1,1,-1,-1,-1,1718,251,2697,23,ABa ,6476,0,0,0, ,0,0,0,0,0
1,1,-1,-1,-1,1847,565,2481,23,ABa ,6476,0,0,0, ,0,0,0,0,0
1,1,-1,-1,-1,2964,1373,2953,23,ABa ,6476,0,0,0, ,0,0,0,0,0
1,1,-1,-1,-1,2456,2159,3752,23,ABa ,6476,0,0,0, ,0,0,0,0,0
1,1,-1,-1,-1,1896,1340,3696,23,ABa ,6476,0,0,0, ,0,0,0,0,0
1,1,-1,-1,-1,1377,720,3766,23,ABa ,6476,0,0,0, ,0,0,0,0,0
1,1,-1,-1,-1,1005,1787,2978,23,ABa ,6476,0,0,0, ,0,0,0,0,0
1,1,-1,-1,-1,516,1854,2923,23,ABa ,6476,0,0,0, ,0,0,0,0,0
1,1,-1,-1,-1,2242,1525,2346,23,ABa ,6476,0,0,0, ,0,0,0,0,0
1,1,-1,-1,-1,1452,1425,702,23,ABa ,6476,0,0,0, ,0,0,0,0,0
1,1,-1,-1,-1,1540,1442,4592,23,ABa ,6476,0,0,0, ,0,0,0,0,0
1,1,-1,-1,-1,1513,1649,4425,23,ABa ,6476,0,0,0, ,0,0,0,0,0
1,1,-1,-1,-1,2073,1466,4286,23,ABa ,6476,0,0,0, ,0,0,0,0,0
1,1,-1,-1,-1,1616,1716,4197,23,ABa ,6476,0,0,0, ,0,0,0,0,0
1,1,-1,-1,-1,1011,1893,4295,23,ABa ,6476,0,0,0, ,0,0,0,0,0
1,1,-1,-1,-1,1613,965,4184,23,ABa ,6476,0,0,0, ,0,0,0,0,0
1,1,-1,-1,-1,1688,1128,4318,23,ABa ,6476,0,0,0, ,0,0,0,0,0
1,1,-1,-1,-1,2195,1317,4459,23,ABa ,6476,0,0,0, ,0,0,0,0,0
1,1,-1,-1,-1,1447,1929,4434,23,ABa ,6476,0,0,0, ,0,0,0,0,0
1,1,-1,-1,-1,1590,1427,4174,23,ABa ,6476,0,0,0, ,0,0,0,0,0
1,1,-1,-1,-1,1310,1093,3897,23,ABa ,6476,0,0,0, ,0,0,0,0,0
1,1,-1,-1,-1,1160,1192,4101,23,ABa ,6476,0,0,0, ,0,0,0,0,0
1,1,-1,-1,-1,1077,1868,4044,23,ABa ,6476,0,0,0, ,0,0,0,0,0
1,1,-1,-1,-1,1976,1837,4448,23,ABa ,6476,0,0,0, ,0,0,0,0,0
1,1,-1,-1,-1,1774,1733,4470,23,ABa ,6476,0,0,0, ,0,0,0,0,0
1,1,-1,-1,-1,1850,1547,4291,23,ABa ,6476,0,0,0, ,0,0,0,0,0
1,1,-1,-1,-1,1947,1672,4634,23,ABa ,6476,0,0,0, ,0,0,0,0,0
1,1,-1,-1,-1,1783,1287,4580,23,ABa ,6476,0,0,0, ,0,0,0,0,0
1,1,-1,-1,-1,1251,1536,4532,23,ABa ,6476,0,0,0, ,0,0,0,0,0
1,1,-1,-1,-1,2194,1714,4446,23,ABa ,6476,0,0,0, ,0,0,0,0,0
1,1,-1,-1,-1,1895,2118,4487,23,ABa ,6476,0,0,0, ,0,0,0,0,0
1,1,-1,-1,-1,2004,1093,4305,23,ABa ,6476,0,0,0, ,0,0,0,0,0
1,1,-1,-1,-1,1777,933,4370,23,ABa ,6476,0,0,0, ,0,0,0,0,0
1,1,-1,-1,-1,1917,1781,4198,23,ABa ,6476,0,0,0, ,0,0,0,0,0
1,1,-1,-1,-1,1830,1489,4038,23,ABa ,6476,0,0,0, ,0,0,0,0,0
1,1,-1,-1,-1,2054,1287,4057,23,ABa ,6476,0,0,0, ,0,0,0,0,0
1,1,-1,-1,-1,1973,1797,3937,23,ABa ,6476,0,0,0, ,0,0,0,0,0
1,1,-1,-1,-1,2257,1982,4035,23,ABa ,6476,0,0,0, ,0,0,0,0,0
1,1,-1,-1,-1,1579,1447,4065,23,ABa ,6476,0,0,0, ,0,0,0,0,0
1,1,-1,-1,-1,2048,949,3971,23,ABa ,6476,0,0,0, ,0,0,0,0,0
1,1,-1,-1,-1,1658,719,3976,23,ABa ,6476,0,0,0, ,0,0,0,0,0
1,1,-1,-1,-1,2298,1574,3915,23,ABa ,6476,0,0,0, ,0,0,0,0,0
1,1,-1,-1,-1,2148,1304,3803,23,ABa ,6476,0,0,0, ,0,0,0,0,0
1,1,-1,-1,-1,2046,1139,3863,23,ABa ,6476,0,0,0, ,0,0,0,0,0
1,1,-1,-1,-1,2029,650,3904,23,ABa ,6476,0,0,0, ,0,0,0,0,0
1,1,-1,-1,-1,1586,590,3762,23,ABa ,6476,0,0,0, ,0,0,0,0,0
1,1,-1,-1,-1,1239,1566,4326,23,ABa ,6476,0,0,0, ,0,0,0,0,0
1,1,-1,-1,-1,2393,2328,4260,23,ABa ,6476,0,0,0, ,0,0,0,0,0
1,1,-1,-1,-1,2267,1775,4079,23,ABa ,6476,0,0,0, ,0,0,0,0,0
1,1,-1,-1,-1,1443,1889,3974,23,ABa ,6476,0,0,0, ,0,0,0,0,0
1,1,-1,-1,-1,2103,1515,4077,23,ABa ,6476,0,0,0, ,0,0,0,0,0
1,1,-1,-1,-1,2028,2140,4171,23,ABa ,6476,0,0,0, ,0,0,0,0,0
1,1,-1,-1,-1,1467,2102,4257,23,ABa ,6476,0,0,0, ,0,0,0,0,0
1,1,-1,-1,-1,2270,2028,4298,23,ABa ,6476,0,0,0, ,0,0,0,0,0
1,1,-1,-1,-1,1798,2208,4276,23,ABa ,6476,0,0,0, ,0,0,0,0,0
1,1,-1,-1,-1,1373,1294,4259,23,ABa ,6476,0,0,0, ,0,0,0,0,0
1,1,-1,-1,-1,2349,1303,4279,23,ABa ,6476,0,0,0, ,0,0,0,0,0
1,1,-1,-1,-1,2067,656,4158,23,ABa ,6476,0,0,0, ,0,0,0,0,0
1,1,-1,-1,-1,2073,1918,4241,23,ABa ,6476,0,0,0, ,0,0,0,0,0
1,1,-1,-1,-1,1876,1321,4222,23,ABa ,6476,0,0,0, ,0,0,0,0,0
1,1,-1,-1,-1,1596,1281,4228,23,ABa ,6476,0,0,0, ,0,0,0,0,0
1,1,-1,-1,-1,2559,2008,4180,23,ABa ,6476,0,0,0, ,0,0,0,0,0
1,1,-1,-1,-1,2172,2325,4178,23,ABa ,6476,0,0,0, ,0,0,0,0,0
1,1,-1,-1,-1,1355,922,4170,23,ABa ,6476,0,0,0, ,0,0,0,0,0
1,1,-1,-1,-1,1820,827,4129,23,ABa ,6476,0,0,0, ,0,0,0,0,0
1,1,-1,-1,-1,2124,856,4081,23,ABa ,6476,0,0,0, ,0,0,0,0,0
1,1,-1,-1,-1,1732,1984,4036,23,ABa ,6476,0,0,0, ,0,0,0,0,0
1,1,-1,-1,-1,1422,2358,3989,23,ABa ,6476,0,0,0, ,0,0,0,0,0
1,1,-1,-1,-1,2056,2453,3936,23,ABa ,6476,0,0,0, ,0,0,0,0,0
1,1,-1,-1,-1,764,1698,3959,23,ABa ,6476,0,0,0, ,0,0,0,0,0
1,1,-1,-1,-1,2472,2080,3949,23,ABa ,6476,0,0,0, ,0,0,0,0,0
1,1,-1,-1,-1,2396,762,3928,23,ABa ,6476,0,0,0, ,0,0,0,0,0
1,1,-1,-1,-1,2074,2230,3922,23,ABa ,6476,0,0,0, ,0,0,0,0,0
1,1,-1,-1,-1,1714,2142,3948,23,ABa ,6476,0,0,0, ,0,0,0,0,0
1,1,-1,-1,-1,932,1306,3862,23,ABa ,6476,0,0,0, ,0,0,0,0,0
1,1,-1,-1,-1,1043,1652,3840,23,ABa ,6476,0,0,0, ,0,0,0,0,0
1,1,-1,-1,-1,2075,1974,3879,23,ABa ,6476,0,0,0, ,0,0,0,0,0
1,1,-1,-1,-1,1201,2092,3806,23,ABa ,6476,0,0,0, ,0,0,0,0,0
1,1,-1,-1,-1,1636,1798,3847,23,ABa ,6476,0,0,0, ,0,0,0,0,0
1,1,-1,-1,-1,2682,2049,3805,23,ABa ,6476,0,0,0, ,0,0,0,0,0
1,1,-1,-1,-1,1543,1238,3796,23,ABa ,6476,0,0,0, ,0,0,0,0,0
1,1,-1,-1,-1,1538,1478,3768,23,ABa ,6476,0,0,0, ,0,0,0,0,0
1,1,-1,-1,-1,1348,1554,3780,23,ABa ,6476,0,0,0, ,0,0,0,0,0
1,1,-1,-1,-1,2480,1840,3803,23,ABa ,6476,0,0,0, ,0,0,0,0,0
1,1,-1,-1,-1,1472,2061,3743,23,ABa ,6476,0,0,0, ,0,0,0,0,0
1,1,-1,-1,-1,1755,2189,3751,23,ABa ,6476,0,0,0, ,0,0,0,0,0
1,1,-1,-1,-1,2119,1532,3767,23,ABa ,6476,0,0,0, ,0,0,0,0,0
1,1,-1,-1,-1,2626,2316,3770,23,ABa ,6476,0,0,0, ,0,0,0,0,0
1,1,-1,-1,-1,1874,1692,3675,23,ABa ,6476,0,0,0, ,0,0,0,0,0
1,1,-1,-1,-1,1432,2446,3774,23,ABa ,6476,0,0,0, ,0,0,0,0,0
1,1,-1,-1,-1,2065,890,3796,23,ABa ,6476,0,0,0, ,0,0,0,0,0
1,1,-1,-1,-1,1858,1002,3767,23,ABa ,6476,0,0,0, ,0,0,0,0,0
1,1,-1,-1,-1,1664,2481,3764,23,ABa ,6476,0,0,0, ,0,0,0,0,0
1,1,-1,-1,-1,1635,936,3737,23,ABa ,6476,0,0,0, ,0,0,0,0,0
1,1,-1,-1,-1,2267,792,3729,23,ABa ,6476,0,0,0, ,0,0,0,0,0
1,1,-1,-1,-1,2806,1449,3666,23,ABa ,6476,0,0,0, ,0,0,0,0,0
1,1,-1,-1,-1,2008,2544,3719,23,ABa ,6476,0,0,0, ,0,0,0,0,0
1,1,-1,-1,-1,1721,1540,3676,23,ABa ,6476,0,0,0, ,0,0,0,0,0
1,1,-1,-1,-1,1139,1486,3688,23,ABa ,6476,0,0,0, ,0,0,0,0,0
1,1,-1,-1,-1,1341,1294,3683,23,ABa ,6476,0,0,0, ,0,0,0,0,0
1,1,-1,-1,-1,1774,1279,3610,23,ABa ,6476,0,0,0, ,0,0,0,0,0
1,1,-1,-1,-1,1351,1711,3693,23,ABa ,6476,0,0,0, ,0,0,0,0,0
1,1,-1,-1,-1,1300,1014,3579,23,ABa ,6476,0,0,0, ,0,0,0,0,0
1,1,-1,-1,-1,1907,673,3689,23,ABa ,6476,0,0,0, ,0,0,0,0,0
1,1,-1,-1,-1,2319,1730,3684,23,ABa ,6476,0,0,0, ,0,0,0,0,0
1,1,-1,-1,-1,2430,1219,3625,23,ABa ,6476,0,0,0, ,0,0,0,0,0
1,1,-1,-1,-1,2639,1936,3672,23,ABa ,6476,0,0,0, ,0,0,0,0,0
1,1,-1,-1,-1,1145,760,3609,23,ABa ,6476,0,0,0, ,0,0,0,0,0
1,1,-1,-1,-1,1604,1739,3533,23,ABa ,6476,0,0,0, ,0,0,0,0,0
1,1,-1,-1,-1,1071,1971,3593,23,ABa ,6476,0,0,0, ,0,0,0,0,0
1,1,-1,-1,-1,1932,486,3583,23,ABa ,6476,0,0,0, ,0,0,0,0,0
1,1,-1,-1,-1,1241,2395,3645,23,ABa ,6476,0,0,0, ,0,0,0,0,0
1,1,-1,-1,-1,767,2031,3566,23,ABa ,6476,0,0,0, ,0,0,0,0,0
1,1,-1,-1,-1,747,1634,3583,23,ABa ,6476,0,0,0, ,0,0,0,0,0
1,1,-1,-1,-1,2405,606,3573,23,ABa ,6476,0,0,0, ,0,0,0,0,0
1,1,-1,-1,-1,2302,1958,3589,23,ABa ,6476,0,0,0, ,0,0,0,0,0
1,1,-1,-1,-1,1019,2489,3540,23,ABa ,6476,0,0,0, ,0,0,0,0,0
1,1,-1,-1,-1,993,965,3522,23,ABa ,6476,0,0,0, ,0,0,0,0,0
1,1,-1,-1,-1,1210,1274,3542,23,ABa ,6476,0,0,0, ,0,0,0,0,0
1,1,-1,-1,-1,2386,2301,3593,23,ABa ,6476,0,0,0, ,0,0,0,0,0
1,1,-1,-1,-1,2142,2279,3543,23,ABa ,6476,0,0,0, ,0,0,0,0,0
1,1,-1,-1,-1,1897,2308,3550,23,ABa ,6476,0,0,0, ,0,0,0,0,0
1,1,-1,-1,-1,1281,1772,3580,23,ABa ,6476,0,0,0, ,0,0,0,0,0
1,1,-1,-1,-1,1552,1999,3396,23,ABa ,6476,0,0,0, ,0,0,0,0,0
1,1,-1,-1,-1,2260,1121,3586,23,ABa ,6476,0,0,0, ,0,0,0,0,0
1,1,-1,-1,-1,1968,886,3614,23,ABa ,6476,0,0,0, ,0,0,0,0,0
1,1,-1,-1,-1,2212,2070,3768,23,ABa ,6476,0,0,0, ,0,0,0,0,0
1,1,-1,-1,-1,1436,571,3540,23,ABa ,6476,0,0,0, ,0,0,0,0,0
1,1,-1,-1,-1,1903,2000,3565,23,ABa ,6476,0,0,0, ,0,0,0,0,0
1,1,-1,-1,-1,2292,1540,3583,23,ABa ,6476,0,0,0, ,0,0,0,0,0
1,1,-1,-1,-1,2240,1297,3557,23,ABa ,6476,0,0,0, ,0,0,0,0,0
1,1,-1,-1,-1,2742,1811,3545,23,ABa ,6476,0,0,0, ,0,0,0,0,0
1,1,-1,-1,-1,2649,2297,3525,23,ABa ,6476,0,0,0, ,0,0,0,0,0
1,1,-1,-1,-1,2987,1581,3193,23,ABa ,6476,0,0,0, ,0,0,0,0,0
1,1,-1,-1,-1,1500,2369,3559,23,ABa ,6476,0,0,0, ,0,0,0,0,0
1,1,-1,-1,-1,2079,1664,3480,23,ABa ,6476,0,0,0, ,0,0,0,0,0
1,1,-1,-1,-1,3018,1627,3552,23,ABa ,6476,0,0,0, ,0,0,0,0,0
1,1,-1,-1,-1,2923,1225,3501,23,ABa ,6476,0,0,0, ,0,0,0,0,0
1,1,-1,-1,-1,2763,1383,3463,23,ABa ,6476,0,0,0, ,0,0,0,0,0
1,1,-1,-1,-1,2512,951,3499,23,ABa ,6476,0,0,0, ,0,0,0,0,0
1,1,-1,-1,-1,1940,724,3450,23,ABa ,6476,0,0,0, ,0,0,0,0,0
1,1,-1,-1,-1,1910,2654,3484,23,ABa ,6476,0,0,0, ,0,0,0,0,0
1,1,-1,-1,-1,2690,1561,3443,23,ABa ,6476,0,0,0, ,0,0,0,0,0
1,1,-1,-1,-1,2507,705,3415,23,ABa ,6476,0,0,0, ,0,0,0,0,0
1,1,-1,-1,-1,2294,711,3441,23,ABa ,6476,0,0,0, ,0,0,0,0,0
1,1,-1,-1,-1,2107,846,3365,23,ABa ,6476,0,0,0, ,0,0,0,0,0
1,1,-1,-1,-1,2893,1709,3427,23,ABa ,6476,0,0,0, ,0,0,0,0,0
1,1,-1,-1,-1,2434,1784,3479,23,ABa ,6476,0,0,0, ,0,0,0,0,0
1,1,-1,-1,-1,1617,2554,3510,23,ABa ,6476,0,0,0, ,0,0,0,0,0
1,1,-1,-1,-1,1538,1274,3488,23,ABa ,6476,0,0,0, ,0,0,0,0,0
1,1,-1,-1,-1,1065,1356,3395,23,ABa ,6476,0,0,0, ,0,0,0,0,0
1,1,-1,-1,-1,2011,1275,3413,23,ABa ,6476,0,0,0, ,0,0,0,0,0
1,1,-1,-1,-1,989,2278,3389,23,ABa ,6476,0,0,0, ,0,0,0,0,0
1,1,-1,-1,-1,1750,1882,3424,23,ABa ,6476,0,0,0, ,0,0,0,0,0
1,1,-1,-1,-1,2251,1465,3367,23,ABa ,6476,0,0,0, ,0,0,0,0,0
1,1,-1,-1,-1,1996,1783,3382,23,ABa ,6476,0,0,0, ,0,0,0,0,0
1,1,-1,-1,-1,2403,2200,3399,23,ABa ,6476,0,0,0, ,0,0,0,0,0
1,1,-1,-1,-1,2094,2162,3261,23,ABa ,6476,0,0,0, ,0,0,0,0,0
1,1,-1,-1,-1,1270,2512,3312,23,ABa ,6476,0,0,0, ,0,0,0,0,0
1,1,-1,-1,-1,607,1303,3329,23,ABa ,6476,0,0,0, ,0,0,0,0,0
1,1,-1,-1,-1,1254,599,3376,23,ABa ,6476,0,0,0, ,0,0,0,0,0
1,1,-1,-1,-1,1217,2064,3340,23,ABa ,6476,0,0,0, ,0,0,0,0,0
1,1,-1,-1,-1,867,1918,3358,23,ABa ,6476,0,0,0, ,0,0,0,0,0
1,1,-1,-1,-1,2649,1292,3357,23,ABa ,6476,0,0,0, ,0,0,0,0,0
1,1,-1,-1,-1,2792,1146,3341,23,ABa ,6476,0,0,0, ,0,0,0,0,0
1,1,-1,-1,-1,2589,2053,3420,23,ABa ,6476,0,0,0, ,0,0,0,0,0
1,1,-1,-1,-1,2306,995,3355,23,ABa ,6476,0,0,0, ,0,0,0,0,0
1,1,-1,-1,-1,2889,1986,3274,23,ABa ,6476,0,0,0, ,0,0,0,0,0
1,1,-1,-1,-1,2257,2386,3356,23,ABa ,6476,0,0,0, ,0,0,0,0,0
1,1,-1,-1,-1,2558,1743,3355,23,ABa ,6476,0,0,0, ,0,0,0,0,0
1,1,-1,-1,-1,1828,940,3309,23,ABa ,6476,0,0,0, ,0,0,0,0,0
1,1,-1,-1,-1,1478,1055,3323,23,ABa ,6476,0,0,0, ,0,0,0,0,0
1,1,-1,-1,-1,1753,2381,3327,23,ABa ,6476,0,0,0, ,0,0,0,0,0
1,1,-1,-1,-1,2533,2464,3300,23,ABa ,6476,0,0,0, ,0,0,0,0,0
1,1,-1,-1,-1,1828,1286,3330,23,ABa ,6476,0,0,0, ,0,0,0,0,0
1,1,-1,-1,-1,2605,966,3291,23,ABa ,6476,0,0,0, ,0,0,0,0,0
1,1,-1,-1,-1,1646,1140,3294,23,ABa ,6476,0,0,0, ,0,0,0,0,0
1,1,-1,-1,-1,2335,2228,94,23,ABa ,6476,0,0,0, ,0,0,0,0,0
1,1,-1,-1,-1,761,2096,108,23,ABa ,6476,0,0,0, ,0,0,0,0,0
1,1,-1,-1,-1,1230,2489,67,23,ABa ,6476,0,0,0, ,0,0,0,0,0
1,1,-1,-1,-1,2117,2075,52,23,ABa ,6476,0,0,0, ,0,0,0,0,0
1,1,-1,-1,-1,2366,1614,29,23,ABa ,6476,0,0,0, ,0,0,0,0,0
1,1,-1,-1,-1,1560,993,15,23,ABa ,6476,0,0,0, ,0,0,0,0,0
1,1,-1,-1,-1,971,1084,81,23,ABa ,6476,0,0,0, ,0,0,0,0,0
1,1,-1,-1,-1,1921,1002,63,23,ABa ,6476,0,0,0, ,0,0,0,0,0
1,1,-1,-1,-1,1288,843,64,23,ABa ,6476,0,0,0, ,0,0,0,0,0
1,1,-1,-1,-1,1828,737,75,23,ABa ,6476,0,0,0, ,0,0,0,0,0
1,1,-1,-1,-1,1786,2347,25,23,ABa ,6476,0,0,0, ,0,0,0,0,0
1,1,-1,-1,-1,819,2395,369,23,ABa ,6476,0,0,0, ,0,0,0,0,0
1,1,-1,-1,-1,2250,2173,426,23,ABa ,6476,0,0,0, ,0,0,0,0,0
1,1,-1,-1,-1,1955,2194,372,23,ABa ,6476,0,0,0, ,0,0,0,0,0
1,1,-1,-1,-1,2771,1896,345,23,ABa ,6476,0,0,0, ,0,0,0,0,0
1,1,-1,-1,-1,2715,1625,261,23,ABa ,6476,0,0,0, ,0,0,0,0,0
1,1,-1,-1,-1,2496,1314,362,23,ABa ,6476,0,0,0, ,0,0,0,0,0
1,1,-1,-1,-1,735,960,388,23,ABa ,6476,0,0,0, ,0,0,0,0,0
1,1,-1,-1,-1,2613,1137,301,23,ABa ,6476,0,0,0, ,0,0,0,0,0
1,1,-1,-1,-1,2424,900,339,23,ABa ,6476,0,0,0, ,0,0,0,0,0
1,1,-1,-1,-1,2056,862,296,23,ABa ,6476,0,0,0, ,0,0,0,0,0
1,1,-1,-1,-1,405,1528,718,23,ABa ,6476,0,0,0, ,0,0,0,0,0
1,1,-1,-1,-1,2401,2196,671,23,ABa ,6476,0,0,0, ,0,0,0,0,0
1,1,-1,-1,-1,1948,2603,581,23,ABa ,6476,0,0,0, ,0,0,0,0,0
1,1,-1,-1,-1,1608,2381,663,23,ABa ,6476,0,0,0, ,0,0,0,0,0
1,1,-1,-1,-1,1724,1869,668,23,ABa ,6476,0,0,0, ,0,0,0,0,0
1,1,-1,-1,-1,1959,1909,662,23,ABa ,6476,0,0,0, ,0,0,0,0,0
1,1,-1,-1,-1,2486,1643,694,23,ABa ,6476,0,0,0, ,0,0,0,0,0
1,1,-1,-1,-1,2770,1633,512,23,ABa ,6476,0,0,0, ,0,0,0,0,0
1,1,-1,-1,-1,2245,1763,634,23,ABa ,6476,0,0,0, ,0,0,0,0,0
1,1,-1,-1,-1,1843,1340,637,23,ABa ,6476,0,0,0, ,0,0,0,0,0
1,1,-1,-1,-1,1628,1119,648,23,ABa ,6476,0,0,0, ,0,0,0,0,0
1,1,-1,-1,-1,1400,945,511,23,ABa ,6476,0,0,0, ,0,0,0,0,0
1,1,-1,-1,-1,1595,673,731,23,ABa ,6476,0,0,0, ,0,0,0,0,0
1,1,-1,-1,-1,2321,1417,519,23,ABa ,6476,0,0,0, ,0,0,0,0,0
1,1,-1,-1,-1,2715,1252,546,23,ABa ,6476,0,0,0, ,0,0,0,0,0
1,1,-1,-1,-1,2076,672,631,23,ABa ,6476,0,0,0, ,0,0,0,0,0
1,1,-1,-1,-1,2149,1301,669,23,ABa ,6476,0,0,0, ,0,0,0,0,0
1,1,-1,-1,-1,2023,931,615,23,ABa ,6476,0,0,0, ,0,0,0,0,0
1,1,-1,-1,-1,2353,1000,104,23,ABa ,6476,0,0,0, ,0,0,0,0,0
1,1,-1,-1,-1,2529,2020,479,23,ABa ,6476,0,0,0, ,0,0,0,0,0
1,1,-1,-1,-1,2431,1133,3275,23,ABa ,6476,0,0,0, ,0,0,0,0,0
1,1,-1,-1,-1,2195,507,3269,23,ABa ,6476,0,0,0, ,0,0,0,0,0
1,1,-1,-1,-1,1069,722,3301,23,ABa ,6476,0,0,0, ,0,0,0,0,0
1,1,-1,-1,-1,958,1630,3257,23,ABa ,6476,0,0,0, ,0,0,0,0,0
1,1,-1,-1,-1,1358,722,3299,23,ABa ,6476,0,0,0, ,0,0,0,0,0
1,1,-1,-1,-1,1579,679,3180,23,ABa ,6476,0,0,0, ,0,0,0,0,0
1,1,-1,-1,-1,1112,1144,3218,23,ABa ,6476,0,0,0, ,0,0,0,0,0
1,1,-1,-1,-1,2706,826,3200,23,ABa ,6476,0,0,0, ,0,0,0,0,0
1,1,-1,-1,-1,1954,1977,3211,23,ABa ,6476,0,0,0, ,0,0,0,0,0
1,1,-1,-1,-1,1707,2016,3269,23,ABa ,6476,0,0,0, ,0,0,0,0,0
1,1,-1,-1,-1,1449,2165,3250,23,ABa ,6476,0,0,0, ,0,0,0,0,0
1,1,-1,-1,-1,1289,912,3145,23,ABa ,6476,0,0,0, ,0,0,0,0,0
1,1,-1,-1,-1,834,1332,3250,23,ABa ,6476,0,0,0, ,0,0,0,0,0
1,1,-1,-1,-1,1509,2655,3269,23,ABa ,6476,0,0,0, ,0,0,0,0,0
1,1,-1,-1,-1,2704,1929,3176,23,ABa ,6476,0,0,0, ,0,0,0,0,0
1,1,-1,-1,-1,2592,1460,3227,23,ABa ,6476,0,0,0, ,0,0,0,0,0
1,1,-1,-1,-1,2430,1584,3187,23,ABa ,6476,0,0,0, ,0,0,0,0,0
1,1,-1,-1,-1,2091,2707,3202,23,ABa ,6476,0,0,0, ,0,0,0,0,0
1,1,-1,-1,-1,2326,2518,3176,23,ABa ,6476,0,0,0, ,0,0,0,0,0
1,1,-1,-1,-1,811,971,3176,23,ABa ,6476,0,0,0, ,0,0,0,0,0
1,1,-1,-1,-1,3000,1960,3155,23,ABa ,6476,0,0,0, ,0,0,0,0,0
1,1,-1,-1,-1,674,1624,3261,23,ABa ,6476,0,0,0, ,0,0,0,0,0
1,1,-1,-1,-1,1930,602,3266,23,ABa ,6476,0,0,0, ,0,0,0,0,0
1,1,-1,-1,-1,1630,783,3537,23,ABa ,6476,0,0,0, ,0,0,0,0,0
1,1,-1,-1,-1,685,2173,3104,23,ABa ,6476,0,0,0, ,0,0,0,0,0
1,1,-1,-1,-1,2820,974,3152,23,ABa ,6476,0,0,0, ,0,0,0,0,0
1,1,-1,-1,-1,2668,1689,3145,23,ABa ,6476,0,0,0, ,0,0,0,0,0
1,1,-1,-1,-1,1682,2612,3098,23,ABa ,6476,0,0,0, ,0,0,0,0,0
1,1,-1,-1,-1,2124,1690,3167,23,ABa ,6476,0,0,0, ,0,0,0,0,0
1,1,-1,-1,-1,2434,535,3135,23,ABa ,6476,0,0,0, ,0,0,0,0,0
1,1,-1,-1,-1,2007,1488,3117,23,ABa ,6476,0,0,0, ,0,0,0,0,0
1,1,-1,-1,-1,1383,566,3104,23,ABa ,6476,0,0,0, ,0,0,0,0,0
1,1,-1,-1,-1,707,1833,3068,23,ABa ,6476,0,0,0, ,0,0,0,0,0
1,1,-1,-1,-1,1964,1250,3110,23,ABa ,6476,0,0,0, ,0,0,0,0,0
1,1,-1,-1,-1,2361,804,3124,23,ABa ,6476,0,0,0, ,0,0,0,0,0
1,1,-1,-1,-1,2548,2097,3144,23,ABa ,6476,0,0,0, ,0,0,0,0,0
1,1,-1,-1,-1,2067,2389,3142,23,ABa ,6476,0,0,0, ,0,0,0,0,0
1,1,-1,-1,-1,2553,1210,3109,23,ABa ,6476,0,0,0, ,0,0,0,0,0
1,1,-1,-1,-1,1795,1042,3016,23,ABa ,6476,0,0,0, ,0,0,0,0,0
1,1,-1,-1,-1,1560,939,3059,23,ABa ,6476,0,0,0, ,0,0,0,0,0
1,1,-1,-1,-1,2274,1899,3088,23,ABa ,6476,0,0,0, ,0,0,0,0,0
1,1,-1,-1,-1,1837,2448,3083,23,ABa ,6476,0,0,0, ,0,0,0,0,0
1,1,-1,-1,-1,1618,2319,3042,23,ABa ,6476,0,0,0, ,0,0,0,0,0
1,1,-1,-1,-1,1962,558,3043,23,ABa ,6476,0,0,0, ,0,0,0,0,0
1,1,-1,-1,-1,2200,570,3047,23,ABa ,6476,0,0,0, ,0,0,0,0,0
1,1,-1,-1,-1,977,2607,2975,23,ABa ,6476,0,0,0, ,0,0,0,0,0
1,1,-1,-1,-1,1092,671,2989,23,ABa ,6476,0,0,0, ,0,0,0,0,0
1,1,-1,-1,-1,1791,2775,2990,23,ABa ,6476,0,0,0, ,0,0,0,0,0
1,1,-1,-1,-1,1383,2474,3003,23,ABa ,6476,0,0,0, ,0,0,0,0,0
1,1,-1,-1,-1,1299,2182,2999,23,ABa ,6476,0,0,0, ,0,0,0,0,0
1,1,-1,-1,-1,1049,2065,2967,23,ABa ,6476,0,0,0, ,0,0,0,0,0
1,1,-1,-1,-1,2512,891,2984,23,ABa ,6476,0,0,0, ,0,0,0,0,0
1,1,-1,-1,-1,721,1423,2982,23,ABa ,6476,0,0,0, ,0,0,0,0,0
1,1,-1,-1,-1,754,785,2941,23,ABa ,6476,0,0,0, ,0,0,0,0,0
1,1,-1,-1,-1,1709,1768,2970,23,ABa ,6476,0,0,0, ,0,0,0,0,0
1,1,-1,-1,-1,3056,1676,2953,23,ABa ,6476,0,0,0, ,0,0,0,0,0
1,1,-1,-1,-1,2837,1997,2919,23,ABa ,6476,0,0,0, ,0,0,0,0,0
1,1,-1,-1,-1,2265,1517,3005,23,ABa ,6476,0,0,0, ,0,0,0,0,0
1,1,-1,-1,-1,2579,1405,2950,23,ABa ,6476,0,0,0, ,0,0,0,0,0
1,1,-1,-1,-1,2749,1606,2936,23,ABa ,6476,0,0,0, ,0,0,0,0,0
1,1,-1,-1,-1,2017,1776,2995,23,ABa ,6476,0,0,0, ,0,0,0,0,0
1,1,-1,-1,-1,2171,1112,2942,23,ABa ,6476,0,0,0, ,0,0,0,0,0
1,1,-1,-1,-1,2684,984,2921,23,ABa ,6476,0,0,0, ,0,0,0,0,0
1,1,-1,-1,-1,2327,2075,2916,23,ABa ,6476,0,0,0, ,0,0,0,0,0
1,1,-1,-1,-1,2295,370,2953,23,ABa ,6476,0,0,0, ,0,0,0,0,0
1,1,-1,-1,-1,914,2364,2885,23,ABa ,6476,0,0,0, ,0,0,0,0,0
1,1,-1,-1,-1,1139,979,2931,23,ABa ,6476,0,0,0, ,0,0,0,0,0
1,1,-1,-1,-1,508,1637,2921,23,ABa ,6476,0,0,0, ,0,0,0,0,0
1,1,-1,-1,-1,2278,2501,2933,23,ABa ,6476,0,0,0, ,0,0,0,0,0
1,1,-1,-1,-1,2951,1160,2865,23,ABa ,6476,0,0,0, ,0,0,0,0,0
1,1,-1,-1,-1,2742,1285,2886,23,ABa ,6476,0,0,0, ,0,0,0,0,0
1,1,-1,-1,-1,1553,1963,2942,23,ABa ,6476,0,0,0, ,0,0,0,0,0
1,1,-1,-1,-1,2506,2490,2900,23,ABa ,6476,0,0,0, ,0,0,0,0,0
1,1,-1,-1,-1,2451,1648,2910,23,ABa ,6476,0,0,0, ,0,0,0,0,0
1,1,-1,-1,-1,2665,1888,2903,23,ABa ,6476,0,0,0, ,0,0,0,0,0
1,1,-1,-1,-1,1992,859,2874,23,ABa ,6476,0,0,0, ,0,0,0,0,0
1,1,-1,-1,-1,2317,892,2863,23,ABa ,6476,0,0,0, ,0,0,0,0,0
1,1,-1,-1,-1,1983,2444,2870,23,ABa ,6476,0,0,0, ,0,0,0,0,0
1,1,-1,-1,-1,2007,2744,2864,23,ABa ,6476,0,0,0, ,0,0,0,0,0
1,1,-1,-1,-1,1706,1222,2835,23,ABa ,6476,0,0,0, ,0,0,0,0,0
1,1,-1,-1,-1,1996,1281,2905,23,ABa ,6476,0,0,0, ,0,0,0,0,0
1,1,-1,-1,-1,1897,2152,2838,23,ABa ,6476,0,0,0, ,0,0,0,0,0
1,1,-1,-1,-1,902,1150,2837,23,ABa ,6476,0,0,0, ,0,0,0,0,0
1,1,-1,-1,-1,1808,1526,2813,23,ABa ,6476,0,0,0, ,0,0,0,0,0
1,1,-1,-1,-1,2378,1455,2806,23,ABa ,6476,0,0,0, ,0,0,0,0,0
1,1,-1,-1,-1,1483,965,2863,23,ABa ,6476,0,0,0, ,0,0,0,0,0
1,1,-1,-1,-1,1486,2135,2816,23,ABa ,6476,0,0,0, ,0,0,0,0,0
1,1,-1,-1,-1,2154,488,2832,23,ABa ,6476,0,0,0, ,0,0,0,0,0
1,1,-1,-1,-1,1603,2414,2796,23,ABa ,6476,0,0,0, ,0,0,0,0,0
1,1,-1,-1,-1,1283,533,2823,23,ABa ,6476,0,0,0, ,0,0,0,0,0
1,1,-1,-1,-1,2501,1902,137,23,ABa ,6476,0,0,0, ,0,0,0,0,0
1,1,-1,-1,-1,1817,1054,440,23,ABa ,6476,0,0,0, ,0,0,0,0,0
1,1,-1,-1,-1,1318,1034,2731,23,ABa ,6476,0,0,0, ,0,0,0,0,0
1,1,-1,-1,-1,1214,2234,2757,23,ABa ,6476,0,0,0, ,0,0,0,0,0
1,1,-1,-1,-1,1647,2594,2819,23,ABa ,6476,0,0,0, ,0,0,0,0,0
1,1,-1,-1,-1,1906,585,2776,23,ABa ,6476,0,0,0, ,0,0,0,0,0
1,1,-1,-1,-1,940,1940,2771,23,ABa ,6476,0,0,0, ,0,0,0,0,0
1,1,-1,-1,-1,2578,1109,2779,23,ABa ,6476,0,0,0, ,0,0,0,0,0
1,1,-1,-1,-1,653,1780,2743,23,ABa ,6476,0,0,0, ,0,0,0,0,0
1,1,-1,-1,-1,444,1396,2699,23,ABa ,6476,0,0,0, ,0,0,0,0,0
1,1,-1,-1,-1,1350,672,2736,23,ABa ,6476,0,0,0, ,0,0,0,0,0
1,1,-1,-1,-1,631,1120,2712,23,ABa ,6476,0,0,0, ,0,0,0,0,0
1,1,-1,-1,-1,1863,2588,2724,23,ABa ,6476,0,0,0, ,0,0,0,0,0
1,1,-1,-1,-1,2511,1838,2772,23,ABa ,6476,0,0,0, ,0,0,0,0,0
1,1,-1,-1,-1,2303,1724,2751,23,ABa ,6476,0,0,0, ,0,0,0,0,0
1,1,-1,-1,-1,2150,2634,2655,23,ABa ,6476,0,0,0, ,0,0,0,0,0
1,1,-1,-1,-1,2255,1245,2694,23,ABa ,6476,0,0,0, ,0,0,0,0,0
1,1,-1,-1,-1,2203,981,2656,23,ABa ,6476,0,0,0, ,0,0,0,0,0
1,1,-1,-1,-1,2476,1256,2638,23,ABa ,6476,0,0,0, ,0,0,0,0,0
1,1,-1,-1,-1,2062,243,2716,23,ABa ,6476,0,0,0, ,0,0,0,0,0
1,1,-1,-1,-1,1569,821,2701,23,ABa ,6476,0,0,0, ,0,0,0,0,0
1,1,-1,-1,-1,764,1444,2703,23,ABa ,6476,0,0,0, ,0,0,0,0,0
1,1,-1,-1,-1,1052,1009,2670,23,ABa ,6476,0,0,0, ,0,0,0,0,0
1,1,-1,-1,-1,2393,2456,2688,23,ABa ,6476,0,0,0, ,0,0,0,0,0
1,1,-1,-1,-1,1775,1798,2692,23,ABa ,6476,0,0,0, ,0,0,0,0,0
1,1,-1,-1,-1,2927,2060,2590,23,ABa ,6476,0,0,0, ,0,0,0,0,0
1,1,-1,-1,-1,1676,623,2672,23,ABa ,6476,0,0,0, ,0,0,0,0,0
1,1,-1,-1,-1,2130,2138,2631,23,ABa ,6476,0,0,0, ,0,0,0,0,0
1,1,-1,-1,-1,2845,1329,2605,23,ABa ,6476,0,0,0, ,0,0,0,0,0
1,1,-1,-1,-1,2858,1739,2602,23,ABa ,6476,0,0,0, ,0,0,0,0,0
1,1,-1,-1,-1,1609,2604,2586,23,ABa ,6476,0,0,0, ,0,0,0,0,0
1,1,-1,-1,-1,1512,459,2587,23,ABa ,6476,0,0,0, ,0,0,0,0,0
1,1,-1,-1,-1,2338,419,2559,23,ABa ,6476,0,0,0, ,0,0,0,0,0
1,1,-1,-1,-1,1793,2015,2602,23,ABa ,6476,0,0,0, ,0,0,0,0,0
1,1,-1,-1,-1,1571,2261,2598,23,ABa ,6476,0,0,0, ,0,0,0,0,0
1,1,-1,-1,-1,1721,1260,2581,23,ABa ,6476,0,0,0, ,0,0,0,0,0
1,1,-1,-1,-1,993,2053,2555,23,ABa ,6476,0,0,0, ,0,0,0,0,0
1,1,-1,-1,-1,615,2116,2556,23,ABa ,6476,0,0,0, ,0,0,0,0,0
1,1,-1,-1,-1,2220,1843,2542,23,ABa ,6476,0,0,0, ,0,0,0,0,0
1,1,-1,-1,-1,2563,1561,2511,23,ABa ,6476,0,0,0, ,0,0,0,0,0
1,1,-1,-1,-1,2519,1816,2556,23,ABa ,6476,0,0,0, ,0,0,0,0,0
1,1,-1,-1,-1,2595,2011,2535,23,ABa ,6476,0,0,0, ,0,0,0,0,0
1,1,-1,-1,-1,1047,2514,2510,23,ABa ,6476,0,0,0, ,0,0,0,0,0
1,1,-1,-1,-1,1990,2330,2525,23,ABa ,6476,0,0,0, ,0,0,0,0,0
1,1,-1,-1,-1,795,2325,2483,23,ABa ,6476,0,0,0, ,0,0,0,0,0
1,1,-1,-1,-1,2151,480,2549,23,ABa ,6476,0,0,0, ,0,0,0,0,0
1,1,-1,-1,-1,1689,1551,2515,23,ABa ,6476,0,0,0, ,0,0,0,0,0
1,1,-1,-1,-1,1227,2363,2466,23,ABa ,6476,0,0,0, ,0,0,0,0,0
1,1,-1,-1,-1,916,1664,2521,23,ABa ,6476,0,0,0, ,0,0,0,0,0
1,1,-1,-1,-1,1841,926,2529,23,ABa ,6476,0,0,0, ,0,0,0,0,0
1,1,-1,-1,-1,841,1258,2497,23,ABa ,6476,0,0,0, ,0,0,0,0,0
1,1,-1,-1,-1,455,1022,2450,23,ABa ,6476,0,0,0, ,0,0,0,0,0
1,1,-1,-1,-1,1594,2065,2444,23,ABa ,6476,0,0,0, ,0,0,0,0,0
1,1,-1,-1,-1,1861,2772,2419,23,ABa ,6476,0,0,0, ,0,0,0,0,0
1,1,-1,-1,-1,2709,1015,2525,23,ABa ,6476,0,0,0, ,0,0,0,0,0
1,1,-1,-1,-1,2716,2048,2453,23,ABa ,6476,0,0,0, ,0,0,0,0,0
1,1,-1,-1,-1,1627,1019,2490,23,ABa ,6476,0,0,0, ,0,0,0,0,0
1,1,-1,-1,-1,962,932,2474,23,ABa ,6476,0,0,0, ,0,0,0,0,0
1,1,-1,-1,-1,1597,730,2476,23,ABa ,6476,0,0,0, ,0,0,0,0,0
1,1,-1,-1,-1,1349,904,2463,23,ABa ,6476,0,0,0, ,0,0,0,0,0
1,1,-1,-1,-1,2597,744,2427,23,ABa ,6476,0,0,0, ,0,0,0,0,0
1,1,-1,-1,-1,2564,1309,2443,23,ABa ,6476,0,0,0, ,0,0,0,0,0
1,1,-1,-1,-1,2346,1197,2397,23,ABa ,6476,0,0,0, ,0,0,0,0,0
1,1,-1,-1,-1,1392,1129,2397,23,ABa ,6476,0,0,0, ,0,0,0,0,0
1,1,-1,-1,-1,1836,275,2445,23,ABa ,6476,0,0,0, ,0,0,0,0,0
1,1,-1,-1,-1,1379,633,2349,23,ABa ,6476,0,0,0, ,0,0,0,0,0
1,1,-1,-1,-1,2384,2180,2375,23,ABa ,6476,0,0,0, ,0,0,0,0,0
1,1,-1,-1,-1,2409,1853,2369,23,ABa ,6476,0,0,0, ,0,0,0,0,0
1,1,-1,-1,-1,1450,2612,2413,23,ABa ,6476,0,0,0, ,0,0,0,0,0
1,1,-1,-1,-1,2091,893,2348,23,ABa ,6476,0,0,0, ,0,0,0,0,0
1,1,-1,-1,-1,1866,1951,2382,23,ABa ,6476,0,0,0, ,0,0,0,0,0
1,1,-1,-1,-1,2749,1647,2338,23,ABa ,6476,0,0,0, ,0,0,0,0,0
1,1,-1,-1,-1,990,1938,2298,23,ABa ,6476,0,0,0, ,0,0,0,0,0
1,1,-1,-1,-1,799,1528,2338,23,ABa ,6476,0,0,0, ,0,0,0,0,0
1,1,-1,-1,-1,1643,2288,2318,23,ABa ,6476,0,0,0, ,0,0,0,0,0
1,1,-1,-1,-1,461,1525,2294,23,ABa ,6476,0,0,0, ,0,0,0,0,0
1,1,-1,-1,-1,2534,1190,2299,23,ABa ,6476,0,0,0, ,0,0,0,0,0
1,1,-1,-1,-1,677,1897,2270,23,ABa ,6476,0,0,0, ,0,0,0,0,0
1,1,-1,-1,-1,2195,441,2312,23,ABa ,6476,0,0,0, ,0,0,0,0,0
1,1,-1,-1,-1,1426,2099,2259,23,ABa ,6476,0,0,0, ,0,0,0,0,0
1,1,-1,-1,-1,1722,1153,2266,23,ABa ,6476,0,0,0, ,0,0,0,0,0
1,1,-1,-1,-1,1879,2391,2247,23,ABa ,6476,0,0,0, ,0,0,0,0,0
1,1,-1,-1,-1,1632,417,2322,23,ABa ,6476,0,0,0, ,0,0,0,0,0
1,1,-1,-1,-1,1854,1666,2274,23,ABa ,6476,0,0,0, ,0,0,0,0,0
1,1,-1,-1,-1,794,959,2240,23,ABa ,6476,0,0,0, ,0,0,0,0,0
1,1,-1,-1,-1,518,1258,2241,23,ABa ,6476,0,0,0, ,0,0,0,0,0
1,1,-1,-1,-1,1574,1608,2222,23,ABa ,6476,0,0,0, ,0,0,0,0,0
1,1,-1,-1,-1,2175,1841,2239,23,ABa ,6476,0,0,0, ,0,0,0,0,0
1,1,-1,-1,-1,1137,657,2239,23,ABa ,6476,0,0,0, ,0,0,0,0,0
1,1,-1,-1,-1,1440,2460,2164,23,ABa ,6476,0,0,0, ,0,0,0,0,0
1,1,-1,-1,-1,2167,1155,2235,23,ABa ,6476,0,0,0, ,0,0,0,0,0
1,1,-1,-1,-1,1935,707,2206,23,ABa ,6476,0,0,0, ,0,0,0,0,0
1,1,-1,-1,-1,835,2573,2180,23,ABa ,6476,0,0,0, ,0,0,0,0,0
1,1,-1,-1,-1,1045,1479,2194,23,ABa ,6476,0,0,0, ,0,0,0,0,0
1,1,-1,-1,-1,2608,1884,2216,23,ABa ,6476,0,0,0, ,0,0,0,0,0
1,1,-1,-1,-1,2607,1046,2254,23,ABa ,6476,0,0,0, ,0,0,0,0,0
1,1,-1,-1,-1,500,2219,2179,23,ABa ,6476,0,0,0, ,0,0,0,0,0
1,1,-1,-1,-1,1202,1097,2169,23,ABa ,6476,0,0,0, ,0,0,0,0,0
1,1,-1,-1,-1,2741,2068,2185,23,ABa ,6476,0,0,0, ,0,0,0,0,0
1,1,-1,-1,-1,1367,894,2212,23,ABa ,6476,0,0,0, ,0,0,0,0,0
1,1,-1,-1,-1,1578,1313,2168,23,ABa ,6476,0,0,0, ,0,0,0,0,0
1,1,-1,-1,-1,1640,396,2065,23,ABa ,6476,0,0,0, ,0,0,0,0,0
1,1,-1,-1,-1,1934,365,2187,23,ABa ,6476,0,0,0, ,0,0,0,0,0
1,1,-1,-1,-1,1784,2112,2141,23,ABa ,6476,0,0,0, ,0,0,0,0,0
1,1,-1,-1,-1,2226,871,2102,23,ABa ,6476,0,0,0, ,0,0,0,0,0
1,1,-1,-1,-1,2216,2159,2112,23,ABa ,6476,0,0,0, ,0,0,0,0,0
1,1,-1,-1,-1,1928,1461,2114,23,ABa ,6476,0,0,0, ,0,0,0,0,0
1,1,-1,-1,-1,1803,2657,2063,23,ABa ,6476,0,0,0, ,0,0,0,0,0
1,1,-1,-1,-1,1550,1726,2075,23,ABa ,6476,0,0,0, ,0,0,0,0,0
1,1,-1,-1,-1,1394,2019,2046,23,ABa ,6476,0,0,0, ,0,0,0,0,0
1,1,-1,-1,-1,1622,796,2076,23,ABa ,6476,0,0,0, ,0,0,0,0,0
1,1,-1,-1,-1,1039,908,2016,23,ABa ,6476,0,0,0, ,0,0,0,0,0
1,1,-1,-1,-1,1589,1066,2058,23,ABa ,6476,0,0,0, ,0,0,0,0,0
1,1,-1,-1,-1,1381,1384,2048,23,ABa ,6476,0,0,0, ,0,0,0,0,0
1,1,-1,-1,-1,2518,1282,2064,23,ABa ,6476,0,0,0, ,0,0,0,0,0
1,1,-1,-1,-1,2596,1043,2030,23,ABa ,6476,0,0,0, ,0,0,0,0,0
1,1,-1,-1,-1,2484,1759,2040,23,ABa ,6476,0,0,0, ,0,0,0,0,0
1,1,-1,-1,-1,2405,1489,2032,23,ABa ,6476,0,0,0, ,0,0,0,0,0
1,1,-1,-1,-1,2514,2094,1975,23,ABa ,6476,0,0,0, ,0,0,0,0,0
1,1,-1,-1,-1,2032,2068,1953,23,ABa ,6476,0,0,0, ,0,0,0,0,0
1,1,-1,-1,-1,2001,976,1934,23,ABa ,6476,0,0,0, ,0,0,0,0,0
1,1,-1,-1,-1,1850,1666,1963,23,ABa ,6476,0,0,0, ,0,0,0,0,0
1,1,-1,-1,-1,1445,582,1904,23,ABa ,6476,0,0,0, ,0,0,0,0,0
1,1,-1,-1,-1,1584,1872,1914,23,ABa ,6476,0,0,0, ,0,0,0,0,0
1,1,-1,-1,-1,1995,1419,1911,23,ABa ,6476,0,0,0, ,0,0,0,0,0
1,1,-1,-1,-1,2185,1718,1904,23,ABa ,6476,0,0,0, ,0,0,0,0,0
1,1,-1,-1,-1,1424,936,1868,23,ABa ,6476,0,0,0, ,0,0,0,0,0
1,1,-1,-1,-1,2121,1230,1881,23,ABa ,6476,0,0,0, ,0,0,0,0,0
1,1,-1,-1,-1,2407,1170,1883,23,ABa ,6476,0,0,0, ,0,0,0,0,0
1,1,-1,-1,-1,1767,2342,1891,23,ABa ,6476,0,0,0, ,0,0,0,0,0
1,1,-1,-1,-1,1761,1151,1862,23,ABa ,6476,0,0,0, ,0,0,0,0,0
1,1,-1,-1,-1,2373,1887,1845,23,ABa ,6476,0,0,0, ,0,0,0,0,0
1,1,-1,-1,-1,355,1580,1845,23,ABa ,6476,0,0,0, ,0,0,0,0,0
1,1,-1,-1,-1,747,2463,1869,23,ABa ,6476,0,0,0, ,0,0,0,0,0
1,1,-1,-1,-1,2334,1489,1861,23,ABa ,6476,0,0,0, ,0,0,0,0,0
1,1,-1,-1,-1,406,1080,1795,23,ABa ,6476,0,0,0, ,0,0,0,0,0
1,1,-1,-1,-1,1855,1583,1792,23,ABa ,6476,0,0,0, ,0,0,0,0,0
1,1,-1,-1,-1,1893,2079,1777,23,ABa ,6476,0,0,0, ,0,0,0,0,0
1,1,-1,-1,-1,1747,1354,1771,23,ABa ,6476,0,0,0, ,0,0,0,0,0
1,1,-1,-1,-1,1560,2649,1732,23,ABa ,6476,0,0,0, ,0,0,0,0,0
1,1,-1,-1,-1,2204,1409,1713,23,ABa ,6476,0,0,0, ,0,0,0,0,0
1,1,-1,-1,-1,510,2234,1691,23,ABa ,6476,0,0,0, ,0,0,0,0,0
1,1,-1,-1,-1,1099,728,1695,23,ABa ,6476,0,0,0, ,0,0,0,0,0
1,1,-1,-1,-1,2112,1578,1692,23,ABa ,6476,0,0,0, ,0,0,0,0,0
1,1,-1,-1,-1,1531,1129,1705,23,ABa ,6476,0,0,0, ,0,0,0,0,0
1,1,-1,-1,-1,437,1329,1667,23,ABa ,6476,0,0,0, ,0,0,0,0,0
1,1,-1,-1,-1,1808,1741,1647,23,ABa ,6476,0,0,0, ,0,0,0,0,0
1,1,-1,-1,-1,2380,1605,1431,23,ABa ,6476,0,0,0, ,0,0,0,0,0
1,1,-1,-1,-1,831,2621,1396,23,ABa ,6476,0,0,0, ,0,0,0,0,0
1,1,-1,-1,-1,2557,1476,1412,23,ABa ,6476,0,0,0, ,0,0,0,0,0
1,1,-1,-1,-1,2204,1314,1375,23,ABa ,6476,0,0,0, ,0,0,0,0,0
1,1,-1,-1,-1,2713,1985,1278,23,ABa ,6476,0,0,0, ,0,0,0,0,0
1,1,-1,-1,-1,2353,1995,1284,23,ABa ,6476,0,0,0, ,0,0,0,0,0
1,1,-1,-1,-1,2561,2001,1122,23,ABa ,6476,0,0,0, ,0,0,0,0,0
1,1,-1,-1,-1,2794,1560,1233,23,ABa ,6476,0,0,0, ,0,0,0,0,0
1,1,-1,-1,-1,1038,992,1600,23,ABa ,6476,0,0,0, ,0,0,0,0,0
1,1,-1,-1,-1,1545,2414,1591,23,ABa ,6476,0,0,0, ,0,0,0,0,0
1,1,-1,-1,-1,1917,1458,1580,23,ABa ,6476,0,0,0, ,0,0,0,0,0
1,1,-1,-1,-1,1784,1556,1455,23,ABa ,6476,0,0,0, ,0,0,0,0,0
1,1,-1,-1,-1,1394,1097,1389,23,ABa ,6476,0,0,0, ,0,0,0,0,0
1,1,-1,-1,-1,1806,1888,1391,23,ABa ,6476,0,0,0, ,0,0,0,0,0
1,1,-1,-1,-1,1571,1440,1342,23,ABa ,6476,0,0,0, ,0,0,0,0,0
1,1,-1,-1,-1,1492,2594,1249,23,ABa ,6476,0,0,0, ,0,0,0,0,0
1,1,-1,-1,-1,332,1580,1341,23,ABa ,6476,0,0,0, ,0,0,0,0,0
1,1,-1,-1,-1,635,2370,1279,23,ABa ,6476,0,0,0, ,0,0,0,0,0
1,1,-1,-1,-1,2379,1352,1249,23,ABa ,6476,0,0,0, ,0,0,0,0,0
1,1,-1,-1,-1,414,2208,1174,23,ABa ,6476,0,0,0, ,0,0,0,0,0
1,1,-1,-1,-1,992,784,1245,23,ABa ,6476,0,0,0, ,0,0,0,0,0
1,1,-1,-1,-1,1386,2360,1215,23,ABa ,6476,0,0,0, ,0,0,0,0,0
1,1,-1,-1,-1,1657,1702,1226,23,ABa ,6476,0,0,0, ,0,0,0,0,0
1,1,-1,-1,-1,1613,2180,1170,23,ABa ,6476,0,0,0, ,0,0,0,0,0
1,1,-1,-1,-1,1447,1122,1128,23,ABa ,6476,0,0,0, ,0,0,0,0,0
1,1,-1,-1,-1,1754,1484,1206,23,ABa ,6476,0,0,0, ,0,0,0,0,0
1,1,-1,-1,-1,1969,1683,1194,23,ABa ,6476,0,0,0, ,0,0,0,0,0
1,1,-1,-1,-1,2115,1371,1137,23,ABa ,6476,0,0,0, ,0,0,0,0,0
1,1,-1,-1,-1,394,1090,1040,23,ABa ,6476,0,0,0, ,0,0,0,0,0
1,1,-1,-1,-1,2100,1773,1074,23,ABa ,6476,0,0,0, ,0,0,0,0,0
1,1,-1,-1,-1,1782,1251,1058,23,ABa ,6476,0,0,0, ,0,0,0,0,0
1,1,-1,-1,-1,1977,1072,1001,23,ABa ,6476,0,0,0, ,0,0,0,0,0
1,1,-1,-1,-1,2405,2402,495,23,ABa ,6476,0,0,0, ,0,0,0,0,0
1,1,-1,-1,-1,2448,1653,430,23,ABa ,6476,0,0,0, ,0,0,0,0,0
1,1,-1,-1,-1,2722,1558,690,23,ABa ,6476,0,0,0, ,0,0,0,0,0
1,1,-1,-1,-1,2322,1017,594,23,ABa ,6476,0,0,0, ,0,0,0,0,0
1,1,-1,-1,-1,840,2524,764,23,ABa ,6476,0,0,0, ,0,0,0,0,0
1,1,-1,-1,-1,2764,1886,728,23,ABa ,6476,0,0,0, ,0,0,0,0,0
1,1,-1,-1,-1,2372,2501,751,23,ABa ,6476,0,0,0, ,0,0,0,0,0
1,1,-1,-1,-1,1716,1835,1066,23,ABa ,6476,0,0,0, ,0,0,0,0,0
1,1,-1,-1,-1,2707,1649,1029,23,ABa ,6476,0,0,0, ,0,0,0,0,0
1,1,-1,-1,-1,2926,1559,962,23,ABa ,6476,0,0,0, ,0,0,0,0,0
1,1,-1,-1,-1,2078,2327,726,23,ABa ,6476,0,0,0, ,0,0,0,0,0
1,1,-1,-1,-1,2650,2154,744,23,ABa ,6476,0,0,0, ,0,0,0,0,0
1,1,-1,-1,-1,1154,763,801,23,ABa ,6476,0,0,0, ,0,0,0,0,0
1,1,-1,-1,-1,2696,1389,761,23,ABa ,6476,0,0,0, ,0,0,0,0,0
1,1,-1,-1,-1,450,1256,801,23,ABa ,6476,0,0,0, ,0,0,0,0,0
1,1,-1,-1,-1,1728,927,790,23,ABa ,6476,0,0,0, ,0,0,0,0,0
1,1,-1,-1,-1,1584,2583,827,23,ABa ,6476,0,0,0, ,0,0,0,0,0
1,1,-1,-1,-1,2045,1543,819,23,ABa ,6476,0,0,0, ,0,0,0,0,0
1,1,-1,-1,-1,1820,2127,865,23,ABa ,6476,0,0,0, ,0,0,0,0,0
1,1,-1,-1,-1,2169,1915,813,23,ABa ,6476,0,0,0, ,0,0,0,0,0
1,1,-1,-1,-1,2354,1862,876,23,ABa ,6476,0,0,0, ,0,0,0,0,0
1,1,-1,-1,-1,2213,859,834,23,ABa ,6476,0,0,0, ,0,0,0,0,0
1,1,-1,-1,-1,1967,1291,864,23,ABa ,6476,0,0,0, ,0,0,0,0,0
1,1,-1,-1,-1,2303,1340,892,23,ABa ,6476,0,0,0, ,0,0,0,0,0
1,1,-1,-1,-1,1311,2295,934,23,ABa ,6476,0,0,0, ,0,0,0,0,0
1,1,-1,-1,-1,2050,623,898,23,ABa ,6476,0,0,0, ,0,0,0,0,0
1,1,-1,-1,-1,2570,1222,959,23,ABa ,6476,0,0,0, ,0,0,0,0,0
1,1,-1,-1,-1,2559,1856,958,23,ABa ,6476,0,0,0, ,0,0,0,0,0
1,1,-1,-1,-1,2335,1078,900,23,ABa ,6476,0,0,0, ,0,0,0,0,0
1,1,-1,-1,-1,2234,2159,935,23,ABa ,6476,0,0,0, ,0,0,0,0,0
1,1,-1,-1,-1,1108,954,1003,23,ABa ,6476,0,0,0, ,0,0,0,0,0
1,1,-1,-1,-1,1866,1538,1036,23,ABa ,6476,0,0,0, ,0,0,0,0,0
1,1,-1,-1,-1,2492,1517,1023,23,ABa ,6476,0,0,0, ,0,0,0,0,0
1,1,-1,-1,-1,2005,1951,1027,23,ABa ,6476,0,0,0, ,0,0,0,0,0
1,1,-1,-1,-1,1093,1443,4151,23,ABa ,6476,0,0,0, ,0,0,0,0,0
1,1,-1,-1,-1,1688,1107,3992,23,ABa ,6476,0,0,0, ,0,0,0,0,0
